{"2": [[-157464000000000, 8748000000, -162000, 1], [8748000000, 40773375, 1488, 0], [-162000, 1488, -1, 0], [1, 0, 0, 0]], "3": [[0, 1855425871872000000000, 452984832000000, 36864000, 1], [1855425871872000000000, -770845966336000000, 8900222976000, -1069956, 0], [452984832000000, 8900222976000, 2587918086, 2232, 0], [36864000, -1069956, 2232, -1, 0], [1, 0, 0, 0, 0]], "5": [[141359947154721358697753474691071362751004672000, 53274330803424425450420160273356509151232000, 6692500042627997708487149415015068467200, 280244777828439527804321565297868800, 1284733132841424456253440, 1963211489280, 1], [53274330803424425450420160273356509151232000, -264073457076620596259715790247978782949376, 36554736583949629295706472332656640000, -192457934618928299655108231168000, 128541798906828816384000, -246683410950, 0], [6692500042627997708487149415015068467200, 36554736583949629295706472332656640000, 5110941777552418083110765199360000, 26898488858380731577417728000, 383083609779811215375, 2028551200, 0], [280244777828439527804321565297868800, -192457934618928299655108231168000, 26898488858380731577417728000, -441206965512914835246100, 107878928185336800, -4550940, 0], [1284733132841424456253440, 128541798906828816384000, 383083609779811215375, 107878928185336800, 1665999364600, 3720, 0], [1963211489280, -246683410950, 2028551200, -4550940, 3720, -1, 0], [1, 0, 0, 0, 0, 0, 0]], "7": [[0, 0, 1464765079488386840337633731737402825128271675392000000000000000000, 13483958224762213714698012883865296529472356352000000000000000, 41375720005635744770247248526572116368162816000000000000, 42320664241971721884753245384947305283584000000000, 3643255017844740441130401792000000, 104545516658688000, 1], [0, 1221349308261453750252370983314569119494710493184000000000000000000, -838538082798149465723818021032241603179964268544000000000000000, -129686683986501811181602978946723823397619367936000000000000, 553293497305121712634517214392820316998991872000000000, -40689839325168186578698294668599003971584000000, 1038063543615451121419229773824000, -34993297342013192, 0], [1464765079488386840337633731737402825128271675392000000000000000000, -838538082798149465723818021032241603179964268544000000000000000, -46666007311089950798495647194817495401448341504000000000000, 72269669689202948469186346100000679630099972096000000000, 308718989330868920558541707287296140145328128000000, 11269804827778129625111322263056523132928000, 10685207605419433304631062899228, 720168419610864, 0], [13483958224762213714698012883865296529472356352000000000000000, -129686683986501811181602978946723823397619367936000000000000, 72269669689202948469186346100000679630099972096000000000, -5397554444336630396660447092290576395211374592000000, 17972351380696034759035751584170427941396480000, -901645312135695263877115693740562092344, 16125487429368412743622133040, -4079701128594, 0], [41375720005635744770247248526572116368162816000000000000, 553293497305121712634517214392820316998991872000000000, 308718989330868920558541707287296140145328128000000, 17972351380696034759035751584170427941396480000, 88037255060655710247136461896264828390470, 14066810691825882583305340438456800, 4460942463213898353207432, 9437674400, 0], [42320664241971721884753245384947305283584000000000, -40689839325168186578698294668599003971584000000, 11269804827778129625111322263056523132928000, -901645312135695263877115693740562092344, 14066810691825882583305340438456800, -18300817137706889881369818348, 177089350028475373552, -10246068, 0], [3643255017844740441130401792000000, 1038063543615451121419229773824000, 10685207605419433304631062899228, 16125487429368412743622133040, 4460942463213898353207432, 177089350028475373552, 312598931380281, 5208, 0], [104545516658688000, -34993297342013192, 720168419610864, -4079701128594, 9437674400, -10246068, 5208, -1, 0], [1, 0, 0, 0, 0, 0, 0, 0, 0]], "11": [[3924233450945276549086964624087200490995247233706746270899364206426701740619416867392454656000000000000000000000000000000000000, -3708476896661234261166595138586620846782660237574536888784393380944856551532392652692520960000000000000000000000000000000000, 1509199706449264373105244249368970977209959173066491449939153900434037998316228131684352000000000000000000000000000000000, -337500037290942764495395868386562971754016116785390841072048221617443316658082155384012800000000000000000000000000000, 43714682637171236021367604966833305309923746974850894665325331604362303109715777067941888000000000000000000000000, -3111357148902865912417988391836350251682805385917571877568422664218078901010004935966720000000000000000000000, 95356266594731795079493309965756674711058734831164489212811553129058773080352804044800000000000000000000, 618840723107761889896363016885251574078635388443306832549992828319945330157158400000000000000000, 1338586400912357073420399795635643400599836918986297982928179335149920452608000000000000, 965122546660349298406724063940884252743873633176129290337528305418240000000000, 29298331981110197366602526090413106879319244800000000, 296470902355240575283200000, 1], [-3708476896661234261166595138586620846782660237574536888784393380944856551532392652692520960000000000000000000000000000000000, 6950986496704390042399105433049126860396103535300642728895074819467726754375236055025582080000000000000000000000000000000, -4175190947377089941611452135383204997172948465221368432119554418845446929655566146994176000000000000000000000000000000, 493751729222149651035457063068642305508233453469401395944974296438196687728770695603159040000000000000000000000000, 59659609577030961637541110289112021078091104767187787822549078869394205439302452893450240000000000000000000000, -7840379248214196729643062796493269425081859930100141304047932909346022483171510017064960000000000000000000, -95333447356443287210404497374050404132491763274506548619337189691919811046970438451200000000000000000, -24155957253764418975307742823129586187061243620756339515602571075061236992294518784000000000000, 66806304467998310581793391194791115184805127528413091235284315294143736709120000000000, -1458178254597295207839980786768623018650234306932331393013634952069120000000, 33446467926379842030532687838341039552110187929600000, -374642006356701393515817612, 0], [1509199706449264373105244249368970977209959173066491449939153900434037998316228131684352000000000000000000000000000000000, -4175190947377089941611452135383204997172948465221368432119554418845446929655566146994176000000000000000000000000000000, -301851634381591833346238394387907563828793379391119445614595161272769455527698270716428288000000000000000000000000, 1038677201789914991362090465961377302769147065985487222285672689158918175716097236444119040000000000000000000000, 378494977797549959360178068152933818044335078157093771639955480261351930169113765048483840000000000000000000, 9718148718139346647384449201643833517488848029697396574289278515913329360524510494720000000000000000000, 30494044246550310117871895628421273379173050630568397072391110688366558535804457582592000000000000, 44681231489418997440503069818655052635806384532381152777755381649015689662976491520000000000, 171790435018380416903247878610824648919543398246401012395341432490921925017600000000, 804436418307995738740132598166893365099468842089705900525050627891200000, 1587728122949690904187089204116332301200302760915266, 27209811658056645815522600, 0], [-337500037290942764495395868386562971754016116785390841072048221617443316658082155384012800000000000000000000000000000, 493751729222149651035457063068642305508233453469401395944974296438196687728770695603159040000000000000000000000000, 1038677201789914991362090465961377302769147065985487222285672689158918175716097236444119040000000000000000000000, -925461466455522523607980072366478440235575959511945288268604770825451300845059605937520640000000000000000000, -51038778870467375317174627414281203016789153392265449880353463871004348816411677478092800000000000000000, -1328993907465108152135763886999825071444084099881098607565574716140191426369978927939584000000000000, -7211912299746007510535159486199919697482960389278446632552985263875183091897870581760000000000, -22093249696627933419655226823604057638897222562682635800269909178325710985117040640000000, 79513247125057906492841989395207442300133781750924860449090230806481243648000000, -199188452917764242987050083089364860927274115441197382331866126825820, 14131378888778142661582693947549844785863493325800, -529134841844639613861795, 0], [43714682637171236021367604966833305309923746974850894665325331604362303109715777067941888000000000000000000000000, 59659609577030961637541110289112021078091104767187787822549078869394205439302452893450240000000000000000000000, 378494977797549959360178068152933818044335078157093771639955480261351930169113765048483840000000000000000000, -51038778870467375317174627414281203016789153392265449880353463871004348816411677478092800000000000000000, 15043423165563966645618284609730360176005265392518745580151910727157028699006028388237312000000000000, -177994641867075262695184980920462608604060357466681128822395417442867019643767352197120000000000, 1938738373821740121470446368665797412833082873875468530371642913339302678999680942080000000, 2973119672716212219456471881112888569835575578534065127175856819648732682854604800000, 8498500708725193890718329655230574962816784139443636591086906768989729050095, 22148485195925584385790489089697473918894904664093860668378292000, 35372414460361796790312007060191890803134127320, 4297837238774928467520, 0], [-3111357148902865912417988391836350251682805385917571877568422664218078901010004935966720000000000000000000000, -7840379248214196729643062796493269425081859930100141304047932909346022483171510017064960000000000000000000, 9718148718139346647384449201643833517488848029697396574289278515913329360524510494720000000000000000000, -1328993907465108152135763886999825071444084099881098607565574716140191426369978927939584000000000000, -177994641867075262695184980920462608604060357466681128822395417442867019643767352197120000000000, -15057297311708922526580514410563848478334693758624999774108600968667487260827388477440000000, 224080399886627495149771654692369177094059649940825305182078225594292057242702643200000, -75948585201267973403627533631138995089882647284307484579413691458563029509971992, 208334210762751500564946204497082337222910461284651050215872586641463200, -994774826102691960922410649494629085486856242714439003812180, 28890545335855949285086003898461917345026160, -17899526272883039048, 0], [95356266594731795079493309965756674711058734831164489212811553129058773080352804044800000000000000000000, -95333447356443287210404497374050404132491763274506548619337189691919811046970438451200000000000000000, 30494044246550310117871895628421273379173050630568397072391110688366558535804457582592000000000000, -7211912299746007510535159486199919697482960389278446632552985263875183091897870581760000000000, 1938738373821740121470446368665797412833082873875468530371642913339302678999680942080000000, 224080399886627495149771654692369177094059649940825305182078225594292057242702643200000, 1168150167526575837857761510359647773943258089269992605255478096499695783789300124, 247900233561939294388612799857476424364856251769094880288086537904279396400, 987807801334019988631500819088661487281712947788833523552559299560, 14690460927260804690751501000083244161647396386205851440, 7848482999227584325448694633580010490867, 42570393135641712, 0], [618840723107761889896363016885251574078635388443306832549992828319945330157158400000000000000000, -24155957253764418975307742823129586187061243620756339515602571075061236992294518784000000000000, 44681231489418997440503069818655052635806384532381152777755381649015689662976491520000000000, -22093249696627933419655226823604057638897222562682635800269909178325710985117040640000000, 2973119672716212219456471881112888569835575578534065127175856819648732682854604800000, -75948585201267973403627533631138995089882647284307484579413691458563029509971992, 247900233561939294388612799857476424364856251769094880288086537904279396400, -64999046469909490143435875140651300541119093852394968074094803537810, 636861023141767565580039581191818069063579259290464688398880, -51135193038502008150804190472844550800569441050500, 645470833566425875717489618904152240, -61058988656490, 0], [1338586400912357073420399795635643400599836918986297982928179335149920452608000000000000, 66806304467998310581793391194791115184805127528413091235284315294143736709120000000000, 171790435018380416903247878610824648919543398246401012395341432490921925017600000000, 79513247125057906492841989395207442300133781750924860449090230806481243648000000, 8498500708725193890718329655230574962816784139443636591086906768989729050095, 208334210762751500564946204497082337222910461284651050215872586641463200, 987807801334019988631500819088661487281712947788833523552559299560, 636861023141767565580039581191818069063579259290464688398880, 29211180544704743418963619709378403797452606969172658, 24228593349948582884094197811518266845689352, 12407796387712093514736413264496, 53686822816, 0], [965122546660349298406724063940884252743873633176129290337528305418240000000000, -1458178254597295207839980786768623018650234306932331393013634952069120000000, 804436418307995738740132598166893365099468842089705900525050627891200000, -199188452917764242987050083089364860927274115441197382331866126825820, 22148485195925584385790489089697473918894904664093860668378292000, -994774826102691960922410649494629085486856242714439003812180, 14690460927260804690751501000083244161647396386205851440, -51135193038502008150804190472844550800569441050500, 24228593349948582884094197811518266845689352, -573388748843683532691009051194955437, 30134971854812981978547264, -28278756, 0], [29298331981110197366602526090413106879319244800000000, 33446467926379842030532687838341039552110187929600000, 1587728122949690904187089204116332301200302760915266, 14131378888778142661582693947549844785863493325800, 35372414460361796790312007060191890803134127320, 28890545335855949285086003898461917345026160, 7848482999227584325448694633580010490867, 645470833566425875717489618904152240, 12407796387712093514736413264496, 30134971854812981978547264, 1608331026427734378, 8184, 0], [296470902355240575283200000, -374642006356701393515817612, 27209811658056645815522600, -529134841844639613861795, 4297837238774928467520, -17899526272883039048, 42570393135641712, -61058988656490, 53686822816, -28278756, 8184, -1, 0], [1, 0, 0, 0, 0, 0, 0, 0, 0, 0, 0, 0, 0]], "13": [[0, 0, 147213371414156573713539483874043827500390696883068187579053600467101994104225901089258359895920442702174699388928000000000000000000000000000000000000, 22236398027215399937779019690353966999876882002081199329677306063131993047041542443852802352851578390365960404992000000000000000000000000000000000, 1885223597142817735215521923030446116923320678716240056759672332116990135924145606946025364033903751052868452352000000000000000000000000000000, 95888722830042559821615002218841595211920062873311035820055532712656384110985948315484610123352758708871364608000000000000000000000000000, 3268240030696916778423724456839641770009309037438345492166218927315814548015978322807870290034191070539022336000000000000000000000000, 66829334150181693395733549605487911633242059793148257435222656254771339933627547003847032182942337299644416000000000000000000000, 767013621315952423931475176267170123577142608595930709148835175130350223089832292329376203694232005771264000000000000000000, 132287948592242819730686388197721726586421046648941198415164132202495387061267918873489002706501632000000000000000, 7605348735017212625875837184978457615081634815943367015020891775626681233374752203029348352000000000000, 145746271865985701303006968690727073623110154189151557978520314340489760352149438464000000000, 83084413350616406183495875982586495825900375128760385536000000, 15787756016985099663979167744000, 1], [0, -33905309938808933226695939390198532869912468194279700917160273935527359588865865248595689625551089671051614879744000000000000000000000000000000000000, -37066027755072565194081927511328660876696510055655033788696425898925604370808677258232777955584843608603884519424000000000000000000000000000000000, -185232507560749354757488264428490031076630581809117895374513401195331750782161966573976898709883093065359517810688000000000000000000000000000000, -4772454395099970588376889812892387899584728241524331459452038527296029061412099051047499510623295031345026170880000000000000000000000000000, 1617796325733693961426612991967106010346218233891170279500742895526209242404102299051177796077528512644260036608000000000000000000000000, 34208636313948962505255416382800378890590483698550917680568729071142350960549152337412536609529405160000847872000000000000000000000, -465337020884877935874185748520218965445631193822519111113045800260798180133962179115662432186399226106740736000000000000000000, -913844005726821508929480521086904504761295550807304466343649705885472617699094229816628221421776732684288000000000000000, -8674072694766581259832161984558424258242345509461562068916284333261672299485935075259027823494430720000000000000, 618365025729687208026621844082518672586866478732183940869747889968364543178129991952544825344000000000, -260241334661897724169148477062778090370575619826743149104887568856318553170833833984000000, 157870586217596053304332218736965888119051656824626442141696000, -32685702714621175092948209889806, 0], [147213371414156573713539483874043827500390696883068187579053600467101994104225901089258359895920442702174699388928000000000000000000000000000000000000, -37066027755072565194081927511328660876696510055655033788696425898925604370808677258232777955584843608603884519424000000000000000000000000000000000, 26281453854686565480854489645262487309390226496990889730097271768767754182467308700379350639320763133343165317120000000000000000000000000000000, 60459932962707148685750780439295720777105469153376987257360608129644675668266607620124314344109550426506206904320000000000000000000000000000, 58405353917014162404952148388731205467622015248477898593099624781969985828433123084038663979821981572463218130944000000000000000000000000, -5648591949659254685659692003344338379638954758557151198844390691020983772484333009507611037427149946420681768960000000000000000000000, 175801761541721296614163144760797961999581545737966242399898402245904424096892942484369837626392492960431210496000000000000000000, -226668496996199203777352229716417461096995804909768763297196647245168959821482189931394270493086737753964544000000000000000, 367699880302507769522184906338576349930282889799687609612600740135262931410546189503475085055061919793152000000000000, 25872463908449289016750628555567372710185328848483463083494077182570444339188517407317465229936295936000000000, 2678665736689769049900018109140598264035750069305308244518131035743577819824227828206936260608000000, 179312619437995268862785568892538140587316635932472934686318597956817819648897662976000, 12893770087100209197778927627416397147602669299324665034127451, 3813066975450671721121304807712, 0], [22236398027215399937779019690353966999876882002081199329677306063131993047041542443852802352851578390365960404992000000000000000000000000000000000, -185232507560749354757488264428490031076630581809117895374513401195331750782161966573976898709883093065359517810688000000000000000000000000000000, 60459932962707148685750780439295720777105469153376987257360608129644675668266607620124314344109550426506206904320000000000000000000000000000, -4983534780898623837208148120899538170442693994917976285662769716226848993219053110271292940660067899070381817856000000000000000000000000, -24885848452127894014624454936412695642180132782686131038890849143846266810389567025962091921161996214123131568128000000000000000000000, -941802378462465511244447050809161114536892868345640328360842000821724559505492381497133977607854427475915309056000000000000000000, -17733806301048501011486217516580565338695560468655559232106708808776991496975958558628543386809658957681917952000000000000000, 303628396849623247388501617704769126069627806954925724909207701265590212162332663163323999037945093480775680000000000000, -62333021735677560171642749900635564915892941745383692317263013992372210489562891779314959788281383878656000000000, -20678078537212882761694153848026684161510425619867392882628417971589808513139875419201055859633291264000000, 2308916580373705363546321120346521865137649088713708960950564814885950596793631208268755124224000, -60259084880308652560754125957376955923094701831235097378932424092592846288059835756, 207577177886168263601723424708043354620195244558620874018272, -117589277940072151921466095740, 0], [1885223597142817735215521923030446116923320678716240056759672332116990135924145606946025364033903751052868452352000000000000000000000000000000, -4772454395099970588376889812892387899584728241524331459452038527296029061412099051047499510623295031345026170880000000000000000000000000000, 58405353917014162404952148388731205467622015248477898593099624781969985828433123084038663979821981572463218130944000000000000000000000000, -24885848452127894014624454936412695642180132782686131038890849143846266810389567025962091921161996214123131568128000000000000000000000, 4081674117329728804489206772464831122415122070151308117835102044725072517715001683094459791402673386965744746496000000000000000000, 828973674649555922651050874150305990627094598448649047796953362599591050742151260055665892525003926982843432960000000000000000, 17722361050304472620163034691211680403065699682566045788144444570455590725483253301914282961928612252886237184000000000000, -18313220589707554303919628836565371160582541687979396960418053123247399413186658869150749995799620001726464000000000, -6095414391440954795178869663499425828291538452766653566256327921063584062137305104052711687223009869824000000, 5716677920985743655201500120101677007190102608912515081206876829642793929337037298192242022307430400000, 539434066952838633601058314080351829728768185613881497302494155281483862817525900116623514601, 10335702376336052876569385632176208762756384874046214470799722804104208232161120, 1010922460622081033367079280521141037085193349093095277208, 1508484527780717514871680200, 0], [95888722830042559821615002218841595211920062873311035820055532712656384110985948315484610123352758708871364608000000000000000000000000000, 1617796325733693961426612991967106010346218233891170279500742895526209242404102299051177796077528512644260036608000000000000000000000000, -5648591949659254685659692003344338379638954758557151198844390691020983772484333009507611037427149946420681768960000000000000000000000, -941802378462465511244447050809161114536892868345640328360842000821724559505492381497133977607854427475915309056000000000000000000, 828973674649555922651050874150305990627094598448649047796953362599591050742151260055665892525003926982843432960000000000000000, 5627576194161215810088198676115700033241050131121473877965970475637724125302025889733550246015725064794669056000000000000, -1410473999113376096921325206927033932443299808279922080543730137710923836158828899053966820213587545583255552000000000, -3702665127143760979998154278812085426166716114551745045128607584536820099329002243268464660519705479479296000000, 5757558921048446015266554919402344737333501100152974630225108131920384126722107536788649181513676013568000, -474980656775733704222417133934306465523573652393831168608700490473956434788522583600537536840594898, 36877562398966114743254895852508154513817343754571889820596205093997469123113726984508320, -874174690463455858478740034973677797874649720724911207202908349653368101836, 1787206767475651398304042906319887696372425891847417480, -9980376107988974265288009, 0], [3268240030696916778423724456839641770009309037438345492166218927315814548015978322807870290034191070539022336000000000000000000000000, 34208636313948962505255416382800378890590483698550917680568729071142350960549152337412536609529405160000847872000000000000000000000, 175801761541721296614163144760797961999581545737966242399898402245904424096892942484369837626392492960431210496000000000000000000, -17733806301048501011486217516580565338695560468655559232106708808776991496975958558628543386809658957681917952000000000000000, 17722361050304472620163034691211680403065699682566045788144444570455590725483253301914282961928612252886237184000000000000, -1410473999113376096921325206927033932443299808279922080543730137710923836158828899053966820213587545583255552000000000, 21919503989502556482532977985659185423685666886088290313930781118854798926106308297736210617657464845238272000000, 187433051934148497537178792064160144226449743146562769523813325806108271927829978476604969216803944169472000, 415431723402642702720731130934926941857797474097020970018619513668017459051573659373309870938643397563, 8968707059877929793953816639999625053085656781146444057912686388706404082753228694260847129920, 707602306954335961264387747392830714609124951294341249227988393380722334150416923424, 33157532644992168541479115114277423707920632043639237944990254217082784, 1234257162452453722866237618078783279952599399679176, 38373375189621696878784, 0], [66829334150181693395733549605487911633242059793148257435222656254771339933627547003847032182942337299644416000000000000000000000, -465337020884877935874185748520218965445631193822519111113045800260798180133962179115662432186399226106740736000000000000000000, -226668496996199203777352229716417461096995804909768763297196647245168959821482189931394270493086737753964544000000000000000, 303628396849623247388501617704769126069627806954925724909207701265590212162332663163323999037945093480775680000000000000, -18313220589707554303919628836565371160582541687979396960418053123247399413186658869150749995799620001726464000000000, -3702665127143760979998154278812085426166716114551745045128607584536820099329002243268464660519705479479296000000, 187433051934148497537178792064160144226449743146562769523813325806108271927829978476604969216803944169472000, -3539294606963747267479265746594748156709881306171284362655032102198235369837795589356541679185977279848, 2155218753344782821853617766133779473725138989326106677408530224250256987904613455196577522696384, -28971833722004769608218351898602997023873718918496584569542741468721604925350565276800952, 3319074015126775003340627498451966608621776985617068464040481273875824853713440, -481806591005250661668209263946913789583739163176277250633369496316, 333551826778342195432371586876023049547129080896, -91944131414745883208, 0], [767013621315952423931475176267170123577142608595930709148835175130350223089832292329376203694232005771264000000000000000000, -913844005726821508929480521086904504761295550807304466343649705885472617699094229816628221421776732684288000000000000000, 367699880302507769522184906338576349930282889799687609612600740135262931410546189503475085055061919793152000000000000, -62333021735677560171642749900635564915892941745383692317263013992372210489562891779314959788281383878656000000000, -6095414391440954795178869663499425828291538452766653566256327921063584062137305104052711687223009869824000000, 5757558921048446015266554919402344737333501100152974630225108131920384126722107536788649181513676013568000, 415431723402642702720731130934926941857797474097020970018619513668017459051573659373309870938643397563, 2155218753344782821853617766133779473725138989326106677408530224250256987904613455196577522696384, 763629377534280239525001752797018342037897631130969295340196615666330614048031692849601680, 11510485988607799847944664306226745280653016997751179971212105953518910829665118960, 2965269806029300518982153645576999878343315273199400249881587616072766840, 2117324199178304244393290847066787694415213468957410146838208, 32988905472599070890328795217808043240900816, 142727120530755696, 0], [132287948592242819730686388197721726586421046648941198415164132202495387061267918873489002706501632000000000000000, -8674072694766581259832161984558424258242345509461562068916284333261672299485935075259027823494430720000000000000, 25872463908449289016750628555567372710185328848483463083494077182570444339188517407317465229936295936000000000, -20678078537212882761694153848026684161510425619867392882628417971589808513139875419201055859633291264000000, 5716677920985743655201500120101677007190102608912515081206876829642793929337037298192242022307430400000, -474980656775733704222417133934306465523573652393831168608700490473956434788522583600537536840594898, 8968707059877929793953816639999625053085656781146444057912686388706404082753228694260847129920, -28971833722004769608218351898602997023873718918496584569542741468721604925350565276800952, 11510485988607799847944664306226745280653016997751179971212105953518910829665118960, -344642844610887365333843812260789022299828714507153260278660403308943561718, 333376714930461597630366410672145363642373801348744230962709165120, -1967575998834670421411906070499119710120923910594022072, 1017131468961830048705766611220442641072, -145742356534710, 0], [7605348735017212625875837184978457615081634815943367015020891775626681233374752203029348352000000000000, 618365025729687208026621844082518672586866478732183940869747889968364543178129991952544825344000000000, 2678665736689769049900018109140598264035750069305308244518131035743577819824227828206936260608000000, 2308916580373705363546321120346521865137649088713708960950564814885950596793631208268755124224000, 539434066952838633601058314080351829728768185613881497302494155281483862817525900116623514601, 36877562398966114743254895852508154513817343754571889820596205093997469123113726984508320, 707602306954335961264387747392830714609124951294341249227988393380722334150416923424, 3319074015126775003340627498451966608621776985617068464040481273875824853713440, 2965269806029300518982153645576999878343315273199400249881587616072766840, 333376714930461597630366410672145363642373801348744230962709165120, 2303156526339236416244981158503557124969923397655602595936, 214191411057420328765018422101187988893741675744, 7038227861570702862399825051262104, 97116140576, 0], [145746271865985701303006968690727073623110154189151557978520314340489760352149438464000000000, -260241334661897724169148477062778090370575619826743149104887568856318553170833833984000000, 179312619437995268862785568892538140587316635932472934686318597956817819648897662976000, -60259084880308652560754125957376955923094701831235097378932424092592846288059835756, 10335702376336052876569385632176208762756384874046214470799722804104208232161120, -874174690463455858478740034973677797874649720724911207202908349653368101836, 33157532644992168541479115114277423707920632043639237944990254217082784, -481806591005250661668209263946913789583739163176277250633369496316, 2117324199178304244393290847066787694415213468957410146838208, -1967575998834670421411906070499119710120923910594022072, 214191411057420328765018422101187988893741675744, -936062849021824119784660671862200161988, 5339704017492387472276862944, -40616316, 0], [83084413350616406183495875982586495825900375128760385536000000, 157870586217596053304332218736965888119051656824626442141696000, 12893770087100209197778927627416397147602669299324665034127451, 207577177886168263601723424708043354620195244558620874018272, 1010922460622081033367079280521141037085193349093095277208, 1787206767475651398304042906319887696372425891847417480, 1234257162452453722866237618078783279952599399679176, 333551826778342195432371586876023049547129080896, 32988905472599070890328795217808043240900816, 1017131468961830048705766611220442641072, 7038227861570702862399825051262104, 5339704017492387472276862944, 63336131453282305176, 9672, 0], [15787756016985099663979167744000, -32685702714621175092948209889806, 3813066975450671721121304807712, -117589277940072151921466095740, 1508484527780717514871680200, -9980376107988974265288009, 38373375189621696878784, -91944131414745883208, 142727120530755696, -145742356534710, 97116140576, -40616316, 9672, -1, 0], [1, 0, 0, 0, 0, 0, 0, 0, 0, 0, 0, 0, 0, 0, 0]], "17": [[159207530860014156978376569030128237596892190022723904273137340611610187235672674911169572369553316330172033409776497214589962401330525148167343142463365709824000000000000000000000000000000000000000000000000000000, 935089802862149882795371327430319532815056136498290380065454949558110752787505729010172847381558449265788193437755750506980022982972689299350844037667684876288000000000000000000000000000000000000000000000000000, 2803931022848209090040552503831912598117673655086271650983593541743242937315101792067190642901425693162170678981992045283522362553754800598366688223557876449280000000000000000000000000000000000000000000000000, 5002234951167744456992543113123695788957661929598278950835417497165448421698087033875199958828218000184729929951889502377126547875558711912980077054013315481600000000000000000000000000000000000000000000000, 5700803081816887702642342320887600715260853896386024857666100784813156937465955635848720873873754081607668823868116831406166112724855607971953472014405569871872000000000000000000000000000000000000000000, 3857075299930886658299338158825513606161972357446899514244992810519365265274074218043069591950006137378650968508160981392511728255070246067287704016299587796992000000000000000000000000000000000000000, 1321389606723250832117937234838329768332715461434914441709989478970470176152966514080009709241729655104118070852322928181036889343116235695507147205856970407936000000000000000000000000000000000000, -13224704996320262527578187503732007684704734156226381134593887539297807800685574875787613921199635654515291502005522646370144215437377529219985077794274017280000000000000000000000000000000000, 57086679166006162093389741982886895323056521344319307312400322525325460763667487624295286077784504205421464401984284676667033972522670779773107485961879552000000000000000000000000000000, -136357091392128360074882503770749973535051779389221020568912273211587413105850067566301231073804804570082555308146540824103513112677776712189912643796992000000000000000000000000000, 190212077793983904130736929819163049801961891633612728370585620669702986380198047759874667589974167999019060254135638489782834112073307982211011575808000000000000000000000000, -147136985073446374259620768605198828884698393776717783299296424359572487062728183459383438753981499828690583347208512680142050837350431469820968960000000000000000000000, 49602446454139559851605551201140272955070820706542984795891960349650564964889335350473424671644910216983993662672324074770326910548421518557184000000000000000000, 6044112210246261420701822144337698371047774028967962853733344088416022598223290820006634336051680071889790062608505043580152176443392000000000000000, 245493849282054903582871283717436369880128101744287253184176476258278370011132257430628050486221083586073914130998155542528000000000000, 3323743036667141238998992881020740173983534115801298151533273226034685026021601636349764157264473238515136593920000000000, 668148321472803468401994928148347860947764805367113104414357546279297351680000000, 44771028181385452801142987974975193088000, 1], [935089802862149882795371327430319532815056136498290380065454949558110752787505729010172847381558449265788193437755750506980022982972689299350844037667684876288000000000000000000000000000000000000000000000000000, -17441686029009212175318851166827481860769685516544792640504987240748359475259209554213835616268455283984486896808031872898804939221119693398756787747414851190784000000000000000000000000000000000000000000000000, -47939918666212576307576300231677421162857212125090631146282253608308619052282772627789147146509134677268645852632298260710135858527363360556560347739850406887424000000000000000000000000000000000000000000000, 32307381245480688981062551477746295813624899236381017925603604366620221750387115301417356624526114297538697040929093215499755181948471996036097942765585272143872000000000000000000000000000000000000000000, 41432849259609475568130168922173018106038703181793533572428412432699076410787760284649523877559735440190592826723621863613870444320031740047323979522690244411392000000000000000000000000000000000000000, -21396661861531227077049914851921529917315650142345857510506895590384476858355974462336546848409873050113567899082893730463096081938240590660766571360754058919936000000000000000000000000000000000000, -1282519063547511486457192065253440526641535039583272751962681219088937183603795512937872258791613212607480219202653245461461064852638933705629171975063257219072000000000000000000000000000000000, 131352173359489656621823598374380825432499567750642538067836647961382083868598575673048099452073876834859053041926958781435102354096142527050924200362248241152000000000000000000000000000000, -3948218072956495526400064192012744745683978082866134755595316185741213246182222762672539820499296832703398621958966964797730632573617915147581263341158400000000000000000000000000000, -1626853092117999200277624022536590485803200789405605330066788355468839193582578367103792930789196467582590932051220584276263558190199380149298786440577024000000000000000000000000, 1891145960151738242273427851286615253328652810351347809271768346324297980300816745426091785021656823068926475921032245723359671267738969728372606763008000000000000000000000, 277411780596412134458585341253478099149409543231357125164414438836973265844831460435041203925902712798535655639773499703851918757412922457927450624000000000000000000, -77211359086370035306557012740293725068362847185860622784869539791563784636986953353140389953398052631577065197759655728936931050119945141616640000000000000000, -908211786869389901023189268422036047759604054478727584450057517807501338210285087833166350120739836405901720429182577478631563032788992000000000000, 43789100477316303667577356454242626988689366643332176688597148608712841431099413908879555067399739316049409694575298227470336000000000, -7760895445024592991803674090386706084802144628071070253675415445477067947707231948167628108994824217032537407488000000, 2869380259303305752665726683219345430182200931908432539271568475244105174482944000, -205268640098051056539848762369487648144402, 0], [2803931022848209090040552503831912598117673655086271650983593541743242937315101792067190642901425693162170678981992045283522362553754800598366688223557876449280000000000000000000000000000000000000000000000000, -47939918666212576307576300231677421162857212125090631146282253608308619052282772627789147146509134677268645852632298260710135858527363360556560347739850406887424000000000000000000000000000000000000000000000, 483335837614562073237706970859221176139087133309204649530314862672924683491051714167635007091696213804293862414021891369962154224199494459168387204357983135858688000000000000000000000000000000000000000000, -492693920777181761683979155663999237195092319358216060778479432721606241382559704736622426714655080229076365394015108104434505959133024191540958254069202162810880000000000000000000000000000000000000000, 97649002351737538536956847926116469626463278436925792672887673222606431252831691205492896308944167944782159785297096022316511707411564820854488004175372516065280000000000000000000000000000000000000, 15946631944658533012940802608303159478392388836692244748741797524412980729899364870000408325289050417076404008021860752541092124075485036296798435379855027601408000000000000000000000000000000000, -961552804322587839354308919930294462148484548469945529915268233738328732908865763545276571521404377080913516421107659346900543409337157464603428989381495488512000000000000000000000000000000, -118072569283651647089498035217402505692192153391422756732995889702634278283604616961314758317022281493903540912483370708308907814573025587798084424047142109184000000000000000000000000000, 4109791572083392995356378805138176445517884749091561233637016580006837594528237566465684374138879602777050954877883545143148304584529660533477913121077067776000000000000000000000